15 100
0.181103848899 0.00465691336915 0.472547583913 0.313295919095 0.81467755075 0.362046437589 0.366289579505 0.304082849351 0.641992320413 0.700209168592 0.452496497589 0.451392596124 0.434725911435 0.326596504877 0.801327138805 
0.0879261872353 0.53401162575 0.455556179554 0.994666943378 0.507178313437 0.543588683225 0.958241692008 0.255733364492 0.391541823711 0.0463251739352 0.151983432972 0.844293490406 0.229490605537 0.380969552762 0.237851731457 
0.0409909470832 0.451442534268 0.902753790679 0.496514259472 0.55554916024 0.0224819530334 0.102001172359 0.767053426758 0.914721544803 0.932995591962 0.645634021536 0.884924009067 0.0599362218402 0.771697924693 0.00489206543634 
0.684803179468 0.639855396029 0.248019212789 0.610065157639 0.60818849411 0.774870878821 0.0181536442106 0.370290699409 0.182336244954 0.850515447328 0.639776950287 0.457253216815 0.428720762196 0.324439426827 0.54500990009 
0.944957814577 0.0420482595934 0.953792558437 0.120981052119 0.395815833187 0.0361418199622 0.997768770798 0.305400192629 0.96455484274 0.250701533546 0.995509550505 0.999594293647 0.191642330864 0.581510886686 0.362944616327 
0.460619489959 0.476040695952 0.316611387684 0.307612010571 0.969581047803 0.935371406634 0.129282229359 0.110907689775 0.920579396351 0.634049241974 0.887165416916 0.560429413067 0.775040740764 0.630069714378 0.978339497513 
0.838503529031 0.800933110502 0.968985929563 0.904509414144 0.319814096368 0.847567419192 0.655951450221 0.941691245468 0.993720932356 0.523537857231 0.761941128673 0.559297365242 0.897548348653 0.533775397375 0.849137424912 
0.263603899972 0.683049188788 0.68822855839 0.384801240823 0.8619309713 0.0406283217382 0.503522236352 0.896893460383 0.325282908408 0.735641134908 0.550684179398 0.701323987898 0.155227306314 0.609511555505 0.188487028365 
0.515188717109 0.675175632395 0.202684611634 0.436203762114 0.385223152425 0.73606709489 0.520262767584 0.389105256532 0.801636826192 0.124947971508 0.229218173087 0.456530347552 0.757135921195 0.537798409889 0.66073437353 
0.325814044225 0.939432522701 0.172900671227 0.925830064327 0.901756135997 0.878939661889 0.766227500473 0.401711880383 0.942393818478 0.605977167586 0.26723274797 0.232438368049 0.881625441625 0.347309069128 0.0111738351464 
0.166297742446 0.763412657954 0.609900198983 0.253892936919 0.410746992286 0.542319967483 0.431792762226 0.175951270832 0.489711830979 0.801394656136 0.45774144591 0.167556011953 0.738788850508 0.0614702008348 0.91320032213 
0.647935986142 0.58013128528 0.501556178861 0.282165808896 0.12037774513 0.864696363567 0.639722891601 0.735911178958 0.416101517578 0.717830684974 0.655605025179 0.565303070292 0.939734749253 0.0623154762163 0.434158590204 
0.538248860374 0.345955758322 0.938532646213 0.0641383488456 0.172357699825 0.81780247449 0.518748574498 0.902261393533 0.14576566386 0.125839796654 0.71405996305 0.925791851413 0.272235780002 0.382339931864 0.458782079045 
0.376832219841 0.865366985945 0.206878514116 0.18657364301 0.984188339179 0.461153559291 0.705958158824 0.0534474937067 0.394275704314 0.0274384375335 0.374681760711 0.65529598497 0.288713714783 0.346880114505 0.951318540414 
0.778481220922 0.163893262291 0.349575293133 0.841896842552 0.389983767553 0.590006302834 0.968382534318 0.412203954031 0.790396685272 0.47864315208 0.372324920153 0.244386950566 0.70088747974 0.177604255849 0.0522227166505 
0.656840408927 0.698835720902 0.443952901557 0.580692628516 0.154481796088 0.942521019238 0.481481761666 0.324537762745 0.359276714438 0.683134150503 0.349926124271 0.68082578278 0.363853158629 0.237086255887 0.678385924386 
0.269895143428 0.767621787128 0.623233847626 0.705722728737 0.744324091024 0.575131173823 0.660790430523 0.531560511791 0.454761465378 0.519512907484 0.199159850264 0.550393354673 0.703732496512 0.758432583218 0.828148889599 
0.620658952456 0.052734204673 0.34790490043 0.247281703275 0.352224504725 0.619483937537 0.639141724919 0.384392880945 0.184001992919 0.43243837094 0.71242757483 0.180571342466 0.828524383577 0.114348914066 0.690704418914 
0.0653094944822 0.763989831507 0.0371548009592 0.703589700405 0.914587425252 0.571805472973 0.552764265465 0.211941602159 0.852583245727 0.872696918056 0.618942507902 0.898558637129 0.984361914417 0.429788994338 0.806994147832 
0.978375090408 0.939839382726 0.0492087873292 0.397899549646 0.917802623411 0.890000797411 0.639840237542 0.703838259448 0.345998789374 0.939224154393 0.305761519459 0.297894987584 0.589317263281 0.295191761422 0.762951657147 
0.417583737779 0.50318950011 0.537746214763 0.335243692971 0.126656545123 0.549226332219 0.696283892945 0.0893752600646 0.949682461167 0.950187630842 0.553103701127 0.767507618372 0.801713669692 0.544090862245 0.98769384418 
0.330483121646 0.994766853902 0.414325537523 0.0237173986956 0.445508086646 0.00014463812175 0.921414981834 0.412191843057 0.107260113681 0.439942616712 0.0391593425834 0.966231183451 0.866338761673 0.019489006497 0.443945828332 
0.587428449701 0.121636547552 0.219587159185 0.0204930069203 0.822876867663 0.549779120556 0.564419657897 0.802231111767 0.0143021525347 0.785706331492 0.187116464173 0.106872141727 0.735066070474 0.645655482559 0.921967408464 
0.395852465354 0.248575597519 0.122930657456 0.116922113035 0.884892395371 0.545416375685 0.33749237942 0.344202822206 0.784204697871 0.269829623467 0.789125327851 0.326792031863 0.530932950465 0.217605290378 0.394587649877 
0.522370304399 0.595465934735 0.850257732939 0.0311408840617 0.0865493733511 0.653685079193 0.653620526658 0.392826842059 0.994043832572 0.447355775819 0.186024319581 0.0133678491115 0.79154973463 0.440638389461 0.609112222225 
0.11994356782 0.301177387454 0.281094600478 0.248088963028 0.322587092248 0.217425157688 0.289858292025 0.882827077855 0.861015709009 0.761717983906 0.758459455889 0.904131929035 0.528815821455 0.11468988762 0.203586781769 
0.524511635593 0.0725601393122 0.408856598427 0.835789710685 0.921419020193 0.904109807544 0.994888515286 0.227628057258 0.410954948182 0.434055795588 0.0393467692882 0.00203257686566 0.328599638798 0.292289698768 0.488355062908 
0.973234171638 0.47398995916 0.0998453888442 0.796170132742 0.434641382286 0.045988860569 0.779302814064 0.304988614126 0.200997633455 0.417952127111 0.178177753047 0.087367723049 0.126661549819 0.648497248503 0.503830337481 
0.248036875051 0.323044728245 0.552387688794 0.707216913868 0.511757136256 0.214523121451 0.319055401437 0.852550949348 0.253910059832 0.280359336222 0.584930650189 0.187598538267 0.303897452364 0.0893971428813 0.504312734701 
0.147681518898 0.500232001501 0.860190392804 0.203556790126 0.478961272436 0.434259117687 0.657149094532 0.00160542294459 0.174056580661 0.788255174313 0.663771419685 0.631834767458 0.228993658267 0.351840915958 0.244355196608 
0.617113790376 0.0970174459102 0.617542199273 0.229394951002 0.196788897241 0.493122070748 0.0199324253201 0.105639437398 0.710628007999 0.762656434217 0.334804360188 0.67001656719 0.331628552689 0.545563011408 0.274599684582 
0.0628508128703 0.551094677483 0.785545863801 0.502083274066 0.934835237669 0.652971689232 0.851987942945 0.141244292249 0.97181662238 0.726985493829 0.735838567977 0.122185351872 0.715145516538 0.62553056949 0.877134297717 
0.204324289444 0.74504023501 0.567133487346 0.338304665935 0.873523431284 0.201449926384 0.657070088563 0.977005723121 0.269050325597 0.91020331162 0.386565160219 0.485081052009 0.873665256096 0.443752743088 0.779491772162 
0.970314468701 0.872249640687 0.124424508483 0.568788832535 0.458731315518 0.985509352969 0.485172611653 0.43355050259 0.517750026914 0.0664085600011 0.067547890304 0.544229768322 0.185880462018 0.420661325742 0.56328263587 
0.38899256566 0.911938429212 0.641473172015 0.56603639249 0.515872489837 0.477953714817 0.0164109680622 0.439699851946 0.722886020334 0.600481311842 0.918228494931 0.211793579375 0.202222483857 0.705120507106 0.484089752647 
0.351162887589 0.476115152959 0.350055578824 0.578022975312 0.412492562948 0.157613330796 0.973550471602 0.494694633174 0.506494962379 0.753098892227 0.882497745971 0.311201892542 0.861916872033 0.537672183731 0.00934656012416 
0.308552928476 0.730605874089 0.6250150435 0.417984927123 0.230512413857 0.567734252207 0.709927675491 0.866031189418 0.497872247581 0.704193594647 0.414455033935 0.701656097255 0.195391728037 0.562280361474 0.964600291126 
0.214982726649 0.10628690313 0.162462213007 0.336577899674 0.155966684523 0.358531435219 0.96582604048 0.323719512679 0.273973684642 0.132948668449 0.966580478259 0.166987758381 0.521975565298 0.760286848921 0.572949295444 
0.549307841191 0.509587689213 0.648751087845 0.706738884285 0.738106315657 0.58644321568 0.366231403528 0.176332629869 0.336946150743 0.562458065019 0.910947378222 0.769120833946 0.802180280735 0.845730593705 0.20731572789 
0.813657742335 0.809879635791 0.00709373445378 0.753317282141 0.0475661024512 0.880774177087 0.889833523015 0.13472232606 0.0866324234256 0.866642773727 0.436890264262 0.705275951242 0.928413528711 0.680638052666 0.911008157019 
0.620459287267 0.806470818702 0.134878178885 0.297731726922 0.349471317413 0.120318363998 0.353136897534 0.932307137765 0.614342288178 0.263495475692 0.787316800795 0.657358759115 0.581429720216 0.0473927203973 0.616459431601 
0.0426769616141 0.556932557032 0.664301771318 0.882401997712 0.142275814122 0.87414941196 0.152926778871 0.548753623218 0.0746926456008 0.0111786828552 0.545929284792 0.785089633972 0.189079428474 0.401533985967 0.501906259827 
0.563615101617 0.0976557094665 0.269130928217 0.587767722156 0.213049999123 0.214747316968 0.665739512938 0.473245038266 0.471096839992 0.204217879657 0.342465483973 0.362819185596 0.199731599937 0.517944282058 0.59781753747 
0.931137526979 0.341464142421 0.560345742193 0.321877947936 0.680700742147 0.254382477041 0.181182658703 0.134694784831 0.965486628373 0.623843284472 0.509756945489 0.250931329357 0.54940865846 0.332595114197 0.1725586135 
0.473408885094 0.142133658964 0.857439132687 0.496094035585 0.321644391563 0.634549705306 0.552718156528 0.511560228632 0.876849369923 0.0901615507277 0.576733807252 0.672094109357 0.951967797961 0.297030138629 0.586441541888 
0.223608798284 0.630017680573 0.960948182308 0.0175011599864 0.497255507496 0.810588814448 0.307062130241 0.594665435759 0.727372500443 0.810077531624 0.458904142896 0.970326864449 0.664327119739 0.892018853445 0.33090512587 
0.758146973132 0.717083263127 0.090576743017 0.452600007552 0.100624053019 0.976604976507 0.922801351129 0.178533943301 0.263055043406 0.285783861174 0.444333653856 0.737294687572 0.962272550205 0.777844540267 0.194878369754 
0.000511146444797 0.0475918988135 0.579066595742 0.566400587789 0.921148521075 0.44373983362 0.383175556882 0.0176988541812 0.223987921637 0.556090270167 0.129293882701 0.17035332245 0.32798228339 0.673983557447 0.650482674044 
0.191122399304 0.246631490568 0.968218184939 0.128215885996 0.960982368047 0.0260193578473 0.116478799814 0.395400489615 0.260344316015 0.620163701046 0.447194211401 0.286173023334 0.158159663989 0.613571638571 0.407556977554 
0.930812614859 0.425523702878 0.149972991668 0.268116374949 0.746840561399 0.223798391732 0.0353847832291 0.798952429475 0.708888948951 0.00208220144915 0.363197224255 0.654765008444 0.845396690043 0.612728228114 0.992927888372 
0.352087204918 0.768553034817 0.225184051324 0.140176865174 0.557220914823 0.271760585983 0.76759549464 0.112399279064 0.169744329971 0.386747466382 0.937917788556 0.138151960204 0.182623230513 0.234187272239 0.850679306394 
0.692018144399 0.94223421733 0.594164047124 0.58385767481 0.14449062707 0.620574933052 0.643801447013 0.868840419075 0.168234233854 0.00838214339715 0.399075449715 0.784001800108 0.707872809745 0.0538720290326 0.0703087489229 
0.566704607993 0.551055388047 0.622951397241 0.0479461896809 0.553322106398 0.287315237775 0.678129351507 0.696877186836 0.336374166314 0.20975183694 0.1191079288 0.255121683514 0.488870712942 0.18749752321 0.900838184605 
0.0485363740238 0.960376393624 0.332988587927 0.785028619047 0.598356555385 0.468104723293 0.6978225014 0.541644220649 0.986981587205 0.528644229252 0.506336514439 0.555626652968 0.141927242876 0.485329973823 0.739136544623 
0.717899262774 0.451237922407 0.668492971355 0.926382084455 0.776030523824 0.428383958612 0.666312329814 0.947801489772 0.801493244896 0.78135926101 0.777249671866 0.947122013502 0.0519938552177 0.474682819407 0.501704570092 
0.512891919551 0.688889785485 0.921706824342 0.931919906211 0.205356579754 0.155901977851 0.767651977268 0.509338011101 0.195697804987 0.974599718918 0.432362935427 0.503360396593 0.546167861792 0.171552897757 0.936281825897 
0.691101338826 0.0626639850496 0.0797266006288 0.845528954814 0.116590323609 0.505779575095 0.218798646745 0.623586142503 0.946207622877 0.90554768614 0.553012979699 0.997737724638 0.685452623301 0.789100354136 0.537294686216 
0.0894395034183 0.727608690586 0.641378717973 0.785521782403 0.502911167538 0.147382561128 0.23359456843 0.866458115913 0.531975205911 0.666112255095 0.127068877108 0.307774683036 0.443131487312 0.247288649225 0.915272517301 
0.904620566405 0.59132078408 0.315979559886 0.0823966354733 0.43544114985 0.880711567485 0.296897390037 0.487835598386 0.0332798531701 0.272860071242 0.392792073298 0.739006894209 0.831533835576 0.0581819428217 0.639652011486 
0.739917055475 0.60035818277 0.819232334034 0.344367520775 0.376146490029 0.564235293806 0.597181251709 0.499777913262 0.456638350799 0.344429642852 0.365813052658 0.162865227896 0.45095306512 0.00582607901817 0.0632918564465 
0.62342801761 0.85733612082 0.800545565093 0.0549564822961 0.741865052658 0.913883880976 0.390744354442 0.23938867135 0.529118248022 0.33867787581 0.0827001530904 0.857908246062 0.316036178601 0.796807027327 0.492718940083 
0.232803781607 0.419024355722 0.448404452743 0.25523992251 0.244306831533 0.872184030876 0.599333777159 0.811693936587 0.852681076259 0.381991485486 0.647275305524 0.397779065147 0.993416950431 0.796728096034 0.94055739279 
0.486219517162 0.244149907435 0.361335151713 0.411631047887 0.317186219986 0.355962118684 0.500717660047 0.975093424506 0.911839954572 0.837849770076 0.39046998769 0.462949000711 0.0554280585172 0.726522926935 0.827787933987 
0.501006568307 0.975994657666 0.48879899313 0.489298057917 0.654488738704 0.949670886375 0.660147858926 0.251277299455 0.256503925105 0.725295264496 0.0558019962452 0.16760960361 0.298889438511 0.264109766115 0.75656751785 
0.235305524117 0.789356773176 0.20990942511 0.986753099773 0.136430722083 0.272289937861 0.558132469015 0.59100180649 0.6284965764 0.396177821768 0.354111675924 0.616649171732 0.061735168715 0.846904412856 0.257151222717 
0.0933114585585 0.0304837798501 0.44122435327 0.271482068163 0.906394187192 0.181415402724 0.6834204885 0.52494505406 0.195950893202 0.468898676477 0.938010898703 0.354741346196 0.18664966657 0.061917926881 0.536570425814 
0.952079976186 0.00494478371529 0.243378262003 0.817479712459 0.785975529185 0.0328072788953 0.254991559189 0.286055200033 0.577908831937 0.43713040745 0.375728946478 0.919521890821 0.527578430066 0.631799535337 0.486820454952 
0.146178151488 0.40037450632 0.963667306821 0.437604817113 0.720431607866 0.447661188592 0.379641172731 0.736177415107 0.714849666913 0.0980291785188 0.719235896194 0.846918371539 0.548526229801 0.991270427281 0.806904778823 
0.518341628011 0.760491293237 0.669914875359 0.595925532478 0.0759881569031 0.142727635553 0.717134567697 0.909052114454 0.254282039644 0.738654088728 0.323051291864 0.824017276445 0.647979244033 0.741045041043 0.750857746348 
0.00889153189598 0.563868441952 0.993302487439 0.325443723872 0.151706830355 0.0279801855233 0.237834374226 0.713298236463 0.465222564886 0.297793316972 0.79005346897 0.0112846589644 0.501765809504 0.528376544253 0.297047723985 
0.309760582532 0.678222088268 0.911042854157 0.32026958686 0.552355833608 0.629422542641 0.584903328092 0.824869172539 0.156847579824 0.722124525221 0.826620636945 0.762464098666 0.861617859224 0.649544263213 0.697155773987 
0.330488216387 0.389646761373 0.811993650485 0.161820803691 0.23010336262 0.0362805053196 0.69336155995 0.131498490192 0.992771933056 0.579095017984 0.400860857447 0.203653926827 0.700037635263 0.203819931538 0.954316530112 
0.0942819801111 0.772061069924 0.931438174177 0.827906428857 0.017223743284 0.137411239838 0.142001968526 0.373733751024 0.570198919855 0.762447862542 0.63121611875 0.800482332514 0.146268170238 0.0797320023776 0.897752381087 
0.959595923039 0.449356874262 0.60523315533 0.00142417644448 0.697922799759 0.371358471345 0.22523787168 0.123922042247 0.645235572904 0.2327366203 0.428430955996 0.872254901488 0.589595101506 0.525063950023 0.978794441789 
0.120869830465 0.334000788981 0.393243703523 0.326463493012 0.236237364059 0.745273021094 0.739325336513 0.398286864538 0.439554144171 0.125718595386 0.63402043728 0.499189018184 0.98629141014 0.144359834334 0.850045829259 
0.970117707192 0.688920401637 0.827158034237 0.108207513161 0.239502657217 0.321683458524 0.744012087099 0.421313314431 0.515593970981 0.484771524375 0.433591064294 0.800800693616 0.0256322547351 0.0790628789102 0.450356469345 
0.539562307782 0.528010234835 0.737792032019 0.972508117483 0.968189854402 0.407615804287 0.30456294767 0.694473051126 0.894422030503 0.830585741721 0.141112293894 0.0885493464716 0.644132034734 0.54907872778 0.631335939762 
0.560609132446 0.626036863127 0.273665153245 0.689074793529 0.259663577144 0.158211394558 0.286722550571 0.141569515259 0.890855533785 0.734978881431 0.790813230065 0.830766171193 0.347053036793 0.487571909484 0.0317719092681 
0.0491237297719 0.0691749184341 0.703524158063 0.72824851353 0.236100511114 0.659558961916 0.640177198209 0.0950669156724 0.394020480068 0.490471308258 0.253406217611 0.393474485346 0.566646129539 0.952964780001 0.771708099578 
0.622663449445 0.0432549010819 0.243309887353 0.255329609617 0.695435021921 0.443592007005 0.150628656489 0.050464222367 0.692227560689 0.508963301863 0.658313950947 0.364345785216 0.117544865871 0.44941460906 0.646240238923 
0.568423266083 0.147315046769 0.197952930983 0.741238797661 0.538179446603 0.354704675132 0.536622668434 0.0868353015587 0.270156047624 0.396593351495 0.922290879653 0.856107281112 0.956699337169 0.482983071581 0.824287216048 
0.0275957856475 0.803497610733 0.0194614906794 0.386169876122 0.329325890483 0.39478376551 0.000267250442699 0.822503478011 0.829625556658 0.836143113806 0.614704210172 0.268063401851 0.455797265841 0.112547356822 0.956114314843 
0.470699543933 0.972768566474 0.882519909165 0.809734279345 0.235648498834 0.0589741009168 0.135722363104 0.539692572612 0.807359781367 0.216547519487 0.130777766565 0.664077878299 0.322607851659 0.781333116862 0.124760182703 
0.876887733028 0.576298990858 0.410199837754 0.0472591595061 0.285581333383 0.282192580263 0.878013207958 0.365126980302 0.497189001479 0.945329052697 0.930750585615 0.498984438606 0.333102688807 0.663015677163 0.490793685261 
0.320753319603 0.341887526462 0.321740883433 0.924884951925 0.412762132999 0.988640107595 0.880356136036 0.839931013185 0.515782690641 0.314304919772 0.166110556027 0.569879683634 0.243443071387 0.160099920717 0.402961516519 
0.888095369623 0.417431420493 0.851627362135 0.418454027698 0.580136134797 0.295101088863 0.513645499738 0.520887551557 0.764395463957 0.734899186564 0.35472397651 0.447525592309 0.95602683639 0.827800089927 0.423242615678 
0.497421651289 0.671299405668 0.763087292484 0.325512635881 0.0832615720614 0.623783021617 0.693628397078 0.812852023134 0.787349441733 0.364002419508 0.493630667404 0.587389815411 0.489728496411 0.904407395275 0.222887376536 
0.754886776147 0.211353165873 0.236477002616 0.444299231394 0.590163289881 0.437539394922 0.205468935072 0.0308145123128 0.162233260132 0.140792759921 0.462237201648 0.65316230628 0.195229947109 0.0300238547279 0.891285380028 
0.296021525134 0.799499377586 0.125629125773 0.430888462596 0.45014095329 0.944957060685 0.0315442476029 0.786709872129 0.756745432852 0.876045457092 0.574723888458 0.772600629362 0.0153426062288 0.0395283204159 0.880659070548 
0.599372800319 0.640538845344 0.422766385638 0.915641649803 0.192681957322 0.735355918913 0.683276309317 0.756441917352 0.1919682943 0.811024059364 0.586707749102 0.232592967396 0.131289945493 0.965766224358 0.971189581719 
0.187564139028 0.336121617187 0.105946099192 0.701336375585 0.830605934128 0.213367376367 0.438141859706 0.366522023433 0.247224704462 0.716122700511 0.268233889552 0.787067654638 0.252367035128 0.0947161211163 0.0467094898098 
0.837337611231 0.867310384211 0.737015059066 0.642783399115 0.924893128229 0.858183784335 0.425378363047 0.522901041254 0.775145658652 0.802581862385 0.00255267735102 0.644396973671 0.0897889650544 0.148134570936 0.376109674472 
0.0807423892519 0.527869426395 0.427518832083 0.330471793077 0.822055551427 0.685107239527 0.438197680646 0.11385885204 0.115566210557 0.175269564938 0.80405486344 0.843535271805 0.676798963315 0.491951593793 0.90460976771 
0.943598511332 0.946790523182 0.556945795956 0.828692420884 0.575160494911 0.563613216266 0.312605058736 0.464372503014 0.827781977619 0.0358924537546 0.00176060714932 0.0199128541229 0.782829267183 0.356592742341 0.372775029372 
0.6209578281 0.145204895296 0.452663125927 0.0195500121925 0.915715202547 0.985677518988 0.0682953158336 0.940857491003 0.385969543034 0.751465167435 0.802451145218 0.657631977328 0.187134358853 0.035982810313 0.761700163299 
0.200894203067 0.141655872707 0.734652880268 0.760525411679 0.483309967551 0.0414187171826 0.59139318822 0.913070988737 0.326671509466 0.16000787159 0.919456770726 0.29307139446 0.400612002132 0.334121929943 0.850142960627 
0.128533265829 0.210559452715 0.643397375875 0.178127960656 0.633056123063 0.972242652859 0.669134390237 0.118219464694 0.887687999981 0.280654094658 0.424485259505 0.728252181423 0.306806680135 0.632975366303 0.351890823264 
0.79013353017 0.827937220111 0.066211711871 0.814480352723 0.125056416288 0.191779533332 0.907245150215 0.143924228704 0.338022494865 0.811114284568 0.721219035552 0.344971533248 0.341575762711 0.131145671515 0.634461125838 
0.909727679084 0.993389360797 0.234362617043 0.69582535414 0.0112400696704 0.657249062401 0.487774563678 0.444906066307 0.211462152855 0.473320359823 0.559368025233 0.142128346431 0.986329333112 0.58229047424 0.966197170633 
0.138901310243 0.850145950838 0.0622961933412 0.0962382614196 0.52279625973 0.672265841706 0.405923358948 0.584263723736 0.250564336666 0.249000220401 0.639340739312 0.83973449328 0.154338400936 0.530181711545 0.995387033431 
