10 100
0.804952187056 0.484391846807 0.636944513864 0.538127318805 0.348680681246 0.888681179129 0.836056842162 0.508369529935 0.961766786308 0.809860434246 
0.338486526861 0.579728451033 0.742820706413 0.260915509074 0.466076100727 0.709596076618 0.830874278988 0.714808243995 0.497373383957 0.551951881638 
0.724926929429 0.809413194736 0.48498373298 0.203533102571 0.253750731271 0.00568767013275 0.838044301864 0.372913299085 0.427311350274 0.101680152273 
0.861980614782 0.0384740038919 0.953803274338 0.383138674816 0.457151680549 0.884339734661 0.0581444472258 0.550953301396 0.616009018252 0.141796842408 
0.988874174316 0.650161646099 0.0609509712418 0.156282169152 0.823499880281 0.123914523186 0.258882042905 0.917988495016 0.772864535566 0.330979213475 
0.539339508256 0.803009230201 0.95212624554 0.693976936783 0.439273108618 0.795234161058 0.578287670111 0.690437300104 0.678218789557 0.94881816971 
0.314739449043 0.781481173574 0.199726858493 0.112476623736 0.274285683292 0.954303080019 0.904869937573 0.443662565476 0.808234517311 0.0554050303162 
0.0052426525256 0.982897463083 0.50855813204 0.290199785523 0.888956351152 0.201479099749 0.090693165672 0.71969111796 0.117152360433 0.615395317789 
0.763865772403 0.819168411181 0.1107239373 0.047048276479 0.826788494268 0.114961169997 0.437971844145 0.278855155601 0.0962966733426 0.480198101791 
0.981616167068 0.710644135017 0.297293044473 0.349898450639 0.245290321448 0.259158171836 0.973952948619 0.68756168359 0.182826960731 0.139014791975 
0.994306612318 0.721342256204 0.206998864359 0.807330191755 0.915930593008 0.119404303936 0.83379267428 0.551108532697 0.427549590828 0.301605866825 
0.652310145007 0.398417677186 0.711372175595 0.0538352403378 0.338393316321 0.985079304742 0.556842049484 0.440823808141 0.393671812933 0.9973708873 
0.679097287779 0.132775036286 0.332319389172 0.850272207581 0.90080441683 0.972172251643 0.584051981893 0.26925055049 0.714957371052 0.888410487695 
0.0645442650031 0.5194237962 0.99293846037 0.0680866462209 0.235263505573 0.353494987933 0.343099931506 0.230703899745 0.330701374375 0.0769283741915 
0.228594568243 0.936950522192 0.77185305674 0.756370354375 0.455940106464 0.006651012896 0.133586327165 0.848903592304 0.59694129645 0.466545813095 
0.0699180042813 0.936257420982 0.383780919174 0.426295678071 0.392158217118 0.443343230431 0.34631919913 0.167413941886 0.409080862614 0.949289756294 
0.693371522211 0.64580909521 0.67880348504 0.766977425267 0.879317081881 0.609496586194 0.624428376037 0.711268054173 0.106554278389 0.701907331626 
0.153149404985 0.125364489907 0.452627917535 0.547834090437 0.346103222972 0.618353133227 0.824444196866 0.610274299696 0.517416130222 0.550463947488 
0.963938162905 0.436769491811 0.631354834423 0.0304523761477 0.410703981702 0.8074229549 0.0169478334346 0.907337704528 0.99075495398 0.733261785594 
0.777914316852 0.592121134562 0.826854769315 0.597963942744 0.941827871771 0.668548533295 0.402552812266 0.362226209128 0.668857019571 0.784903527818 
0.331663701284 0.675370029672 0.149430488647 0.168052595416 0.300895336357 0.387877646076 0.795259613707 0.338621685648 0.44296941689 0.71974319679 
0.535716285982 0.438453165438 0.89568285461 0.701762733855 0.552960408318 0.295926154751 0.7347393502 0.938941564939 0.430225007131 0.390815361496 
0.0820627166197 0.0418038855486 0.617025940012 0.190199503463 0.328464124974 0.59866061277 0.293600828578 0.952558372534 0.10379101836 0.470630969526 
0.382676071254 0.492731212855 0.0136173144912 0.848302257495 0.0181420824883 0.51200084908 0.124159445636 0.844422556815 0.749692007305 0.620551383393 
0.609381511311 0.218234319291 0.886861613375 0.672205501998 0.529125400244 0.480413309919 0.058714467876 0.590724273355 0.96560596461 0.0344541228854 
0.92078073771 0.533185160663 0.00438632537861 0.398027469297 0.16292020243 0.966320796211 0.255141816741 0.820183779206 0.948787896569 0.161178340911 
0.634769171889 0.903688893153 0.733630439328 0.473418537664 0.137541795862 0.11854563994 0.224902308758 0.744303292869 0.598272005792 0.743232163953 
0.204284413925 0.941865769492 0.218852500865 0.778376102303 0.456224232209 0.682182148583 0.20317903535 0.368139498417 0.751902999885 0.281159237904 
0.362643467258 0.89399492508 0.400396705813 0.741873955018 0.113424123875 0.113604275181 0.122499964824 0.940651831727 0.60330238568 0.11569135597 
0.960177613302 0.0691830012299 0.0490129833108 0.73597937141 0.177006841197 0.383783967214 0.449878354501 0.00314008771203 0.324404733824 0.207985229777 
0.434449256926 0.0976015305509 0.960941138714 0.959285681767 0.877213719634 0.0182489286818 0.920176657205 0.694723721122 0.961618498931 0.870109840956 
0.703598408806 0.543852702183 0.826599730368 0.416654800584 0.593344439031 0.0888833440023 0.076356898674 0.415467243957 0.948201534079 0.188976373755 
0.567791107837 0.468853189607 0.361042085035 0.728005712088 0.718116110315 0.633722389553 0.911498272029 0.886870087314 0.0846588297101 0.163896249058 
0.0493409145543 0.699580694912 0.64520577506 0.996995352604 0.102703747404 0.0697532118173 0.113845221282 0.926294662493 0.220347823138 0.139227861288 
0.391225728228 0.224530051886 0.944046455011 0.609947358347 0.372013369212 0.436637174551 0.846627001173 0.205945932415 0.56104344413 0.819863703667 
0.853238499844 0.959423713303 0.919080203127 0.144359062993 0.35450408099 0.412026855692 0.752576285171 0.0484621030859 0.0558277133539 0.665899335796 
0.878555222556 0.417438687417 0.568902512302 0.246844177674 0.986469501145 0.0488390968534 0.0831027355045 0.81545649354 0.94360059207 0.293714881794 
0.750425573332 0.122338052758 0.871581167005 0.646608183969 0.750819383991 0.899733600508 0.44076113271 0.125031244662 0.22071797713 0.66286735081 
0.375456165143 0.300831743341 0.821583101297 0.761970235456 0.362593638804 0.174266625413 0.405547346942 0.0370735557273 0.710157348704 0.832409821502 
0.952053930357 0.652273359503 0.406806921714 0.157563225809 0.417842908198 0.859131428259 0.692411102183 0.182747112593 0.312302746127 0.024136511274 
0.220936142303 0.854364356834 0.640773794515 0.455383974046 0.331772307593 0.135002339686 0.506854362753 0.543871480782 0.730022123566 0.819256042278 
0.401270523259 0.490921289395 0.0445196543568 0.344726149227 0.195797833266 0.303993612458 0.247770969917 0.535165472876 0.343976263978 0.224377924467 
0.198161932625 0.441852876184 0.403241891832 0.507312179428 0.859077444926 0.227613097535 0.94100046892 0.543572241805 0.630415524103 0.78724208112 
0.112138268715 0.918202914105 0.735563254505 0.537225680699 0.0818592330401 0.503228995143 0.698648764252 0.37952367547 0.0115550021085 0.467329296304 
0.901944076048 0.55106483867 0.414172700888 0.696547043642 0.228056385064 0.439793024287 0.194430674563 0.291623151378 0.923611092008 0.0140455734463 
0.74124545771 0.736280232945 0.885362584255 0.0104102120587 0.730047467203 0.981525279597 0.114258716902 0.704957254278 0.0967144778309 0.954428845195 
0.122401160187 0.0170908084769 0.460413128568 0.0309993434379 0.125911012636 0.548859811671 0.337396301539 0.984957622948 0.966775087209 0.666880144261 
0.39409338514 0.567821843697 0.777686633702 0.364891237191 0.114585021377 0.711994121323 0.234715537945 0.550659569826 0.368064497632 0.737782265136 
0.489140553779 0.910315924133 0.360321712734 0.551157957718 0.977154154542 0.162169121713 0.346963773576 0.262237149142 0.176073982687 0.384243324884 
0.166759155459 0.221615325718 0.0736201294922 0.932943249939 0.776782938037 0.998784254536 0.510894593586 0.880077787131 0.0427724290746 0.890883367484 
0.800510954651 0.157870027624 0.579820480078 0.252714864865 0.891815385938 0.592237160984 0.0634645403509 0.847112590299 0.121971352564 0.973289760434 
0.40941970577 0.0231895597126 0.644634839486 0.223276464419 0.132318894209 0.366146958899 0.914704524313 0.226211286368 0.420927804112 0.0829732322398 
0.429142164673 0.949687907173 0.279456949564 0.444836222201 0.716800918042 0.270927401036 0.567483149545 0.863270398028 0.0270727491791 0.451693504713 
0.437290422988 0.436839640176 0.724812423741 0.43286479256 0.126408420167 0.762084312076 0.423967102501 0.79236712359 0.71642488533 0.345248091182 
0.963761142668 0.246198804468 0.825297932618 0.374252517929 0.526323107385 0.956120677569 0.327417935027 0.0870157578073 0.825320748072 0.113606849287 
0.92935867767 0.511145212563 0.539954824538 0.852434176623 0.17954463058 0.496345273997 0.77306858172 0.734714150055 0.208759114821 0.577215003584 
0.628199832833 0.0542737074389 0.159508603651 0.239450179799 0.0752383444315 0.581049618228 0.377052000498 0.0676029310476 0.048728902192 0.618290978895 
0.689144902632 0.543798766377 0.512936097817 0.465193225038 0.845079718502 0.343226916514 0.511350541081 0.733304594222 0.0117695367596 0.245842148373 
0.369414357529 0.896791927068 0.296533383551 0.693188093704 0.530501303169 0.609286902426 0.367814974751 0.788634950655 0.55096153325 0.724757321872 
0.259523936836 0.500861071382 0.0408418486326 0.620548655071 0.931566855427 0.610111063753 0.624483114444 0.37144639259 0.87688036754 0.0953390696477 
0.371409061385 0.414061457361 0.184562318178 0.520917492837 0.866021018938 0.36058866861 0.886813302901 0.230708432404 0.739347964657 0.924303663587 
0.851463051205 0.402666119134 0.982045539519 0.105608663378 0.396676632649 0.28368613436 0.140695925965 0.290182094052 0.683067809655 0.993450325447 
0.303446705378 0.0433089014086 0.517336424316 0.921666697199 0.945432834607 0.15471181031 0.301744657064 0.908255115238 0.165677287821 0.276467765469 
0.655193360264 0.776689587926 0.801538524214 0.377991342944 0.759367879261 0.864203386084 0.0532683439782 0.163041080541 0.971083816979 0.574700695756 
0.22128384339 0.155482951749 0.105937356164 0.0800985825215 0.168949407787 0.793282402703 0.855499425911 0.118252615556 0.503274441983 0.893312525254 
0.0712216635243 0.564024134642 0.27911609847 0.392723069707 0.000255266563434 0.710447618812 0.354756490294 0.727052179001 0.733297288007 0.786246167484 
0.82763019651 0.108593732376 0.123819319067 0.819936587179 0.439831938247 0.90880864676 0.127330247322 0.369972238061 0.724559125882 0.904294577409 
0.205670125069 0.708451530461 0.500437489328 0.287383253641 0.709376754955 0.508574581385 0.0889009286972 0.175582582146 0.144724924258 0.695452845244 
0.56125329579 0.0875650179702 0.342963196505 0.926831403532 0.902798175003 0.558849202268 0.550307005091 0.251035313453 0.826586428879 0.954257422049 
0.692364605432 0.473768647407 0.199045628539 0.48899738709 0.924223884343 0.0392230169118 0.0703914773394 0.479643608682 0.71956366545 0.730110272631 
0.687336578799 0.609270703056 0.879119876992 0.830193175908 0.50494950671 0.3030840028 0.876156091535 0.124386965154 0.787127942442 0.425811108259 
0.528506941592 0.487793397325 0.423612821684 0.720766641221 0.695726755015 0.691976053443 0.0676568808855 0.452018105601 0.403523218524 0.109152580714 
0.542699288141 0.466940587841 0.472170689506 0.178892242824 0.487977862065 0.807765857895 0.706813189888 0.729790930287 0.280127777763 0.486597455179 
0.778130244381 0.299965719638 0.00614873878896 0.69491832439 0.933641510583 0.492330249082 0.527787252528 0.259170945465 0.540159668241 0.146690100508 
0.937735237534 0.919848898567 0.660828764597 0.0757934871613 0.938644306061 0.153138462474 0.287733562587 0.0229129530781 0.786010156633 0.402889104751 
0.45704898904 0.973270899806 0.145187792939 0.49780296005 0.463887472379 0.571614760766 0.103941430096 0.0217896927316 0.198768719819 0.337744745599 
0.10031347417 0.482023562178 0.205497205177 0.744090935907 0.964159955977 0.414313923247 0.567868673241 0.208051993213 0.211895873112 0.924951308374 
0.877208772827 0.0814387984716 0.165574515155 0.497088145828 0.0081378530453 0.444287473092 0.169623107126 0.612723256196 0.0851543483182 0.550685783584 
0.0395721711443 0.423970623572 0.183228214201 0.0688137753869 0.784295462263 0.00657513626666 0.306423367271 0.635278228236 0.202512277778 0.98379311075 
0.972969411438 0.684920953208 0.671262835928 0.0691873140932 0.896778013674 0.487307713749 0.906440569894 0.140189002329 0.389244083484 0.455723364834 
0.0605549940074 0.239728517132 0.688943669349 0.65362405811 0.0939780604547 0.370148522167 0.917713390491 0.751860677156 0.948058308105 0.335860556655 
0.442497167143 0.744360308493 0.622705955266 0.858072964213 0.63413198743 0.0169036816994 0.514124623374 0.292787147252 0.101039103721 0.167696346637 
0.205159241737 0.739459469747 0.200254300335 0.932473809381 0.789104305441 0.882452275797 0.698266241701 0.655355036506 0.296139733002 0.972089663879 
0.398892161567 0.813298185301 0.0575759306652 0.302988380132 0.193949487639 0.442132009242 0.770485357508 0.807499086228 0.254804135941 0.976985711151 
0.471057416717 0.875465267966 0.970230665383 0.967777662919 0.811524777945 0.199230065387 0.665656713782 0.961419340577 0.329292056318 0.451149960076 
0.034757310861 0.668883622256 0.485198964958 0.606663896544 0.486300742469 0.00534586529262 0.665000484509 0.330860905055 0.356541095254 0.0148760591661 
0.955252393161 0.0425556005673 0.809973720625 0.432338054098 0.989923616598 0.250276331972 0.211980593294 0.445231526217 0.945649894594 0.857347965788 
0.674286493883 0.356334464622 0.973993867469 0.816639527082 0.693116534093 0.240408257649 0.76075271554 0.520739363321 0.373187624022 0.2626277128 
0.619394803966 0.658625995829 0.751534669098 0.0872958692877 0.657563128875 0.852776503481 0.0422888170183 0.00463629019096 0.967730830477 0.0854053117239 
0.406816443655 0.854612753722 0.854957057739 0.386334210313 0.184243828191 0.267031881536 0.334764473786 0.606192292686 0.242094779119 0.0015021483246 
0.406004604414 0.569649843624 0.01982631052 0.537400571107 0.912837868629 0.185251392849 0.428276701772 0.287257131053 0.159637152304 0.400626235595 
0.818548793411 0.610573191421 0.53788509469 0.409425016624 0.863259175539 0.893920462908 0.568789966331 0.852349257271 0.211029254136 0.718995624704 
0.0911036939864 0.456234079756 0.957032733699 0.366404059234 0.977578557757 0.536327812519 0.978980941876 0.273349498494 0.81788324552 0.241776768297 
0.484007987169 0.869661547442 0.803659798567 0.359054518059 0.903997417826 0.761512398091 0.511420457821 0.500152355995 0.297021052144 0.53987692683 
0.0959832739302 0.924273611424 0.333965550407 0.455846324804 0.533588337007 0.514304636963 0.339752865771 0.688549851394 0.581416290085 0.802641963244 
0.238705706706 0.0936741344792 0.303654978558 0.928235151622 0.215303298255 0.838994446439 0.491358617411 0.152668754585 0.109086316133 0.130193071139 
0.0332941690162 0.179687422238 0.325795330611 0.0148260170728 0.258936871876 0.288891683541 0.432933810824 0.833575616109 0.168190667951 0.0962073175895 
0.528620982591 0.75695166067 0.367839347509 0.850223096613 0.149165300456 0.572197042855 0.621786329808 0.501101970632 0.50590446494 0.476332697463 
0.703810763386 0.341909871406 0.449462032073 0.488774822539 0.902030689195 0.801179883468 0.737645023492 0.772210761356 0.586349324461 0.767999555209 
0.631100864014 0.0264691897493 0.403522936482 0.560613934384 0.218346644888 0.325076989183 0.194537666237 0.431244089147 0.0270401001609 0.95862266691 
