20 100
0.548734492598 0.322909442315 0.334585613068 0.0430054556847 0.348976276903 0.731147567769 0.895549200403 0.704811573019 0.217839412702 0.302906521509 0.732739031651 0.903794394913 0.853923155492 0.241286693522 0.74861268293 0.807247091311 0.688253471959 0.73370558967 0.260201874886 0.285617167379 
0.97297646295 0.301786371317 0.455655266114 0.062290461013 0.449978257696 0.778977484409 0.012639675775 0.00712713628495 0.52108285655 0.825042741669 0.710183682999 0.679121608279 0.142798129318 0.0587709353673 0.692232434786 0.39786470579 0.930688040503 0.735612374728 0.713644923466 0.562886643044 
0.484126143979 0.766574036489 0.587427583113 0.16917479128 0.373419564456 0.314728771801 0.42463519238 0.0592473009859 0.591285388307 0.762920090153 0.645608776777 0.0993225190034 0.924936335525 0.672855912276 0.932595843953 0.61526935651 0.115569560805 0.382766088168 0.167788678884 0.0871597573703 
0.523893666814 0.365510231449 0.172104302991 0.818891524938 0.0793538256559 0.0805645757662 0.131872740392 0.868310165451 0.710190552478 0.697010437352 0.382489864014 0.149986334023 0.492481082617 0.190950839359 0.502955943452 0.11341139479 0.5679315289 0.28577498076 0.0963659651608 0.313848620944 
0.709804019181 0.901378846187 0.669833453135 0.638044859497 0.38908547652 0.457868183761 0.545990740602 0.507260062211 0.101022119243 0.346203351436 0.831534963627 0.507580526777 0.482477619278 0.335061853612 0.188116074755 0.0833995968402 0.523563046483 0.433196110111 0.264094917063 0.490180128179 
0.287814432581 0.180019389487 0.195169751525 0.707918076661 0.0311964601818 0.477951531435 0.147604737026 0.47186652312 0.376157433043 0.202087964551 0.544269592383 0.114584407983 0.733525538549 0.798198147346 0.860742370456 0.626268715791 0.346811490162 0.865028274586 0.854650239119 0.236939235711 
0.596553451532 0.0600731867308 0.705721015911 0.238365899515 0.867339443352 0.638052183949 0.438439946386 0.752504358992 0.47895559916 0.838794743961 0.928275455296 0.942059475314 0.613200696674 0.757270014184 0.876182205086 0.487562570594 0.0761169741437 0.417653737832 0.000643881242455 0.767183497424 
0.896075483645 0.237992311097 0.237444134232 0.481779220342 0.336610679648 0.504999883399 0.279414971043 0.105443709559 0.0709540165039 0.965755180373 0.469041606722 0.666619554115 0.648963333233 0.0529276938273 0.0422901639626 0.660326296414 0.14892998489 0.570961130835 0.576444821785 0.375383855772 
0.820961305219 0.830512798664 0.0889763089729 0.546339849891 0.454106689447 0.383080606038 0.470123589687 0.106676523695 0.315344447615 0.0233760635815 0.0758938289044 0.237939721054 0.130789700027 0.466393019733 0.0795193682104 0.582261323449 0.866726404989 0.0304220661128 0.584693997502 0.134781085914 
0.977683357426 0.476938224185 0.438434169888 0.838777489449 0.859866972323 0.202029558374 0.859140410665 0.826401254601 0.765833786394 0.394324458114 0.535968621845 0.519477246934 0.89468428131 0.99964006773 0.182431977245 0.320711963528 0.158291443819 0.0620524286437 0.607575603082 0.0537755785881 
0.696331542364 0.157787037363 0.0606615850054 0.278862098592 0.051977622404 0.0653956887417 0.714991221546 0.593379549906 0.605491904028 0.0656461834923 0.579738539585 0.272769648615 0.33786012916 0.386004202344 0.832919398615 0.521611800275 0.0178291560605 0.0351897719866 0.936961852273 0.205836219109 
0.239629396446 0.743211355158 0.784105692456 0.421362997043 0.583719103693 0.203305663741 0.61756303205 0.154233056986 0.0475978567325 0.0255345994853 0.584048198872 0.115695679799 0.292398775052 0.820567642526 0.115206255362 0.234438508986 0.677540106715 0.0947639313049 0.583705622621 0.577915309957 
0.344544355729 0.418617593794 0.49476079302 0.204828949665 0.506651012203 0.952325771208 0.150447990114 0.889198568344 0.791554385542 0.0816652075865 0.369216479147 0.357848748789 0.675513190103 0.894950480797 0.121193430097 0.638481749829 0.656031860902 0.0485950325477 0.655057143146 0.213021467109 
0.166145470397 0.906013808622 0.0527718825528 0.561228286 0.84725563081 0.642012115046 0.680458740285 0.800075508347 0.649748710715 0.799001695001 0.686009342982 0.827989794398 0.661697420602 0.717370167851 0.799015455828 0.82952130669 0.832159894088 0.907939480918 0.864334272756 0.994255797461 
0.974643358576 0.0626296576186 0.59451931802 0.219655539107 0.673420628352 0.220085011803 0.273152103496 0.468123608367 0.483243334454 0.597362730499 0.499555318571 0.457612718182 0.766530530345 0.774053793092 0.808582644292 0.759505503773 0.451780459805 0.629838612783 0.128025418045 0.330626987113 
0.894560814507 0.466824497204 0.974254827746 0.532445737812 0.756226733416 0.590070706344 0.00869183248571 0.677184456127 0.710180325422 0.278896105441 0.873979207715 0.139254522918 0.899848812521 0.865366244354 0.863772359968 0.200156020359 0.402457099543 0.828725666194 0.0510765726591 0.637918984829 
0.131767648887 0.864135009102 0.513781737723 0.623648524536 0.17321467694 0.0974926308468 0.0179785533103 0.8021872976 0.30156189421 0.177385453705 0.899369693948 0.889528840574 0.144455049978 0.314500793176 0.438653687698 0.848740327787 0.339212246995 0.519632952549 0.108062244212 0.450613448918 
0.740503411202 0.15142550507 0.359168279971 0.549810049177 0.390682769528 0.793090358474 0.338904304216 0.755571687975 0.873197082976 0.648253228772 0.42009337944 0.158311209059 0.262804423769 0.550325236169 0.803229663237 0.20678036018 0.594459570538 0.272804232148 0.264405259671 0.67049572234 
0.34921329716 0.895173358974 0.716375117308 0.765510700241 0.853026811239 0.881482138156 0.39664665595 0.232648741205 0.789334150132 0.222237997572 0.624520371515 0.140479442435 0.0216537755345 0.360574359099 0.271463112058 0.822946475688 0.399816441687 0.626528316032 0.147552330059 0.872081316622 
0.19909044804 0.194394498956 0.491877066939 0.162258403279 0.23755093672 0.534021009423 0.921723561494 0.89141611407 0.897327714231 0.00529041456798 0.912434344755 0.63437256985 0.864044873018 0.204909831677 0.583352848332 0.580421305512 0.160705359059 0.463725393442 0.100792853516 0.62435068886 
0.454636428618 0.287977553777 0.538476987544 0.217866222861 0.65958865915 0.515830844544 0.719844932607 0.704189390323 0.899722565669 0.540471267609 0.671677360477 0.140745597899 0.47728867344 0.846691500128 0.928745450622 0.183121957293 0.338105922887 0.952071090166 0.570571857376 0.211970110478 
0.519044961895 0.0263854473272 0.415131216891 0.0288542778992 0.176262390642 0.294844659939 0.920637777556 0.935445785522 0.665702460046 0.929985164591 0.455698762288 0.32715803368 0.444054428083 0.558065419211 0.417683566662 0.93640818565 0.674279754952 0.697801164221 0.0339959114837 0.150151253124 
0.802455983156 0.12656716448 0.475829641721 0.273762054394 0.0478503846094 0.0543798791651 0.923275450789 0.180837545957 0.529361435168 0.42219456811 0.0342012070586 0.0819305139368 0.0223708705717 0.414049609138 0.48897848495 0.534774074196 0.336673597443 0.24884672194 0.331269201543 0.975074681855 
0.323987306451 0.37009089136 0.293154205472 0.0837745135196 0.18648365423 0.667249729092 0.0212985143697 0.252356785727 0.638543729546 0.441639576529 0.365920989021 0.410407893859 0.337915344864 0.548262246828 0.945318426593 0.848346254426 0.493348701876 0.781273666142 0.217187882931 0.852244927133 
0.564954320261 0.894504103908 0.86661815512 0.308603206149 0.491954665582 0.513269662355 0.248523283507 0.91185890723 0.507973244506 0.698630263008 0.554838014499 0.514760033532 0.724820096036 0.11887561049 0.863504828788 0.280436543312 0.167367664588 0.880593183224 0.295165144032 0.586057486424 
0.807757484442 0.0369978547019 0.401149387415 0.963257018957 0.960946882522 0.0886461158909 0.171740597119 0.0585091367622 0.665414708326 0.454869852679 0.815027319138 0.258397653969 0.663112299811 0.377167711915 0.315455696064 0.563122392279 0.232755944847 0.544038556156 0.514072312023 0.406010149513 
0.606509893368 0.743042824373 0.358422953941 0.854308442575 0.844265446815 0.921537688609 0.0431285625569 0.985302868407 0.144426251934 0.480500704673 0.188704912934 0.711207385102 0.317844072941 0.696613340081 0.408098041249 0.152237409532 0.682945897425 0.484753205005 0.822587296806 0.783594197349 
0.169599744108 0.971402271945 0.0957094556155 0.706972352698 0.511763760696 0.153977526639 0.855719668505 0.101442774413 0.449620290164 0.147135448047 0.429403432379 0.882907351368 0.809509373826 0.891377152133 0.252020699576 0.770773889807 0.794855008882 0.0868117757257 0.794982123172 0.294516715011 
0.168536365361 0.868237339591 0.125642726277 0.485149943708 0.266525487672 0.653108421623 0.302374916183 0.431851848985 0.769495236811 0.539246520134 0.531696853829 0.433569553369 0.301234113085 0.151834953115 0.119777194354 0.726280112684 0.909288983074 0.0856017849777 0.889597730995 0.59572963921 
0.0193212502944 0.188603677123 0.648646882645 0.313910785684 0.518325884232 0.27977709232 0.971985022632 0.396819387818 0.383029947909 0.331874057442 0.214163737197 0.581157717741 0.380941173838 0.807149001672 0.688396350355 0.0337113566974 0.0295131812607 0.135407073102 0.505272950423 0.528057345667 
0.459441862261 0.746019075922 0.395632121989 0.587314783533 0.110871253826 0.0188286255064 0.251193552611 0.353316856006 0.399952630595 0.547682937377 0.911679854627 0.0368247368361 0.0365445246668 0.735716246168 0.382187577998 0.26670779709 0.237558755521 0.926838939753 0.108840710186 0.942326872077 
0.247906425612 0.139451016085 0.341367704118 0.195150368592 0.310724785298 0.237919062217 0.0540861664428 0.100920265813 0.22414358921 0.0311998532922 0.808742703829 0.175975550482 0.0742888191001 0.0360078019621 0.984410705751 0.91896196217 0.669947641287 0.122211078625 0.726008340926 0.354850826181 
0.294752989714 0.650649252193 0.422483014036 0.523374072082 0.0287546650622 0.172641124181 0.233665395902 0.135135611573 0.745923483636 0.320580003135 0.518089365498 0.476482246567 0.420337212392 0.189508759026 0.973808086934 0.285092787714 0.552982265624 0.917489094637 0.478072993217 0.919525381698 
0.138925346805 0.975019687677 0.478470147573 0.144414669685 0.18813148108 0.261887718817 0.927011606693 0.0310170265832 0.579808542964 0.665775250914 0.246126300548 0.0329659273284 0.151221299719 0.817306287425 0.554884895323 0.700990578008 0.426771423933 0.665016142648 0.632299321228 0.118269837207 
0.693689787672 0.0923028350041 0.355146267922 0.0377961721325 0.439639433981 0.476678652887 0.308845313577 0.764034651156 0.0960267494932 0.58058205218 0.678873915288 0.421419509221 0.920584263384 0.375518463938 0.148536708618 0.200785414619 0.695189037239 0.135147643156 0.977430398629 0.41002135645 
0.264356894326 0.176579650385 0.899718401695 0.333144535604 0.758876770974 0.301741882902 0.983754091147 0.236938469925 0.931134341981 0.237202374062 0.362001628779 0.573943423015 0.415439151094 0.635307375398 0.11635629358 0.244806161668 0.812905961949 0.601433603481 0.0288245807792 0.39088291425 
0.738761118489 0.672975519269 0.629257500487 0.132035016218 0.625445627845 0.366104565754 0.782833359041 0.831431543285 0.0581128110734 0.16489275623 0.471949663682 0.376783136198 0.933554236404 0.222524875344 0.405455947893 0.816301253975 0.731987414282 0.268771492416 0.596724772676 0.240753154916 
0.41298676899 0.953621610947 0.906343183951 0.0161172494044 0.126248580484 0.047768334636 0.0754120655038 0.790646250423 0.268503281953 0.158077010398 0.379414629214 0.417839876056 0.386662917086 0.172816905202 0.766860829803 0.314769710678 0.390026213981 0.246733794612 0.0196901067207 0.643368774054 
0.0428154430481 0.355794146047 0.996180409864 0.551335690187 0.266915284749 0.962419059284 0.857041161218 0.776184308454 0.358475456577 0.393398575131 0.72175879854 0.97354713755 0.618259949651 0.597697027084 0.125767757044 0.222583885186 0.491672597649 0.845743954993 0.144014216716 0.591164078345 
0.655536532018 0.727939312116 0.00207924247711 0.303036188248 0.576522141219 0.278778241527 0.571543565034 0.318877334647 0.654997341445 0.995611356771 0.167443126133 0.502286997537 0.571588741216 0.928923626445 0.775002411701 0.413010069228 0.784510422357 0.539444602852 0.0251259475765 0.10139944992 
0.670057923888 0.376820558139 0.471677195714 0.51781348302 0.199010410933 0.454284826541 0.784270106453 0.519929087835 0.994799656114 0.700696658529 0.101210803785 0.970876839043 0.778885648378 0.83954258967 0.214785896482 0.246240188857 0.729921314483 0.309045621786 0.411395911226 0.925359339146 
0.18079452691 0.126241420073 0.0942698757221 0.781443691586 0.60506095064 0.342602197758 0.183449965206 0.0911518197289 0.87243105799 0.141438294504 0.563441479086 0.0991426526287 0.986881302553 0.22829530802 0.459562333884 0.629089243138 0.382729225501 0.886566383807 0.940233234354 0.15908401167 
0.23273519027 0.969483247005 0.343254251387 0.695787357737 0.0108870596792 0.549660881493 0.50899916656 0.154962573342 0.396227255588 0.626088728507 0.559913890383 0.520814392237 0.857424591958 0.266229571737 0.413871296535 0.863779820315 0.874732423797 0.163576492713 0.169729713419 0.419457054196 
0.059983001232 0.894820155018 0.130321367688 0.690917931584 0.499970564429 0.19712418938 0.0291442377958 0.971129489166 0.541489137527 0.972535422593 0.568876574685 0.242285788936 0.175624351134 0.474866311857 0.364407828178 0.190268011312 0.0211717016599 0.931148195112 0.23793857643 0.415749273883 
0.700861428378 0.892739358209 0.715158185482 0.67112049839 0.313527287981 0.288810041281 0.582816934161 0.808113714982 0.402151971221 0.0784945488429 0.0819273663027 0.984109966208 0.180595938822 0.397904903788 0.235922547203 0.496768876891 0.647858112246 0.502781420062 0.462041725815 0.600736442 
0.99364165844 0.549936379035 0.329713079715 0.722135462305 0.393197937446 0.585800183891 0.69648419752 0.0900199511192 0.18213607292 0.270805374101 0.556953450122 0.760578068791 0.0387747265252 0.192380019537 0.482760177616 0.35382446546 0.397689252485 0.851775786115 0.17939065678 0.380521793092 
0.458839189861 0.713225310991 0.451845039981 0.327800039565 0.914009325595 0.983551536583 0.447478390587 0.291395287985 0.470633989599 0.459770147511 0.577123921613 0.0392129923351 0.651461158841 0.11745430129 0.471122740093 0.0281480593358 0.853997104943 0.419013054691 0.265068998673 0.782444198501 
0.648160421125 0.250761000506 0.0599771936538 0.504089075747 0.416478450758 0.416870609745 0.816254497738 0.154662299587 0.14879568666 0.389638934438 0.691580377989 0.334770598077 0.417575891994 0.159624189978 0.113277931736 0.187544602962 0.912881252468 0.980968409645 0.0948563111624 0.610642775621 
0.723422627191 0.68505799719 0.75597825644 0.368932492397 0.348167702763 0.631774520656 0.957325236479 0.246222902817 0.868437918332 0.937122935552 0.0914281260952 0.332872406065 0.76603117737 0.377691489304 0.128928533505 0.273833802538 0.341971234 0.959692664025 0.661824304509 0.0271866042622 
0.433363644861 0.208336773254 0.567587662474 0.294491031268 0.47684336244 0.737320121286 0.78711988161 0.478498441905 0.15084723534 0.504559700421 0.810492137695 0.830495158207 0.844958661108 0.258095864117 0.268184484687 0.393860372036 0.150873904522 0.0896872057436 0.802181490536 0.634767172025 
0.0579928579887 0.231281246973 0.405455880953 0.0291782130687 0.88291551998 0.381464915435 0.0260943263418 0.288892460961 0.387824558675 0.63508918526 0.981117766008 0.268190311105 0.758069540759 0.372911021223 0.393851922961 0.0928172543253 0.460619248656 0.911564533265 0.00177765682574 0.744420640217 
0.270679461341 0.276425956925 0.423737227766 0.920619279097 0.0984361202345 0.139756466621 0.11578489758 0.515732755842 0.520891285873 0.910217705731 0.11350113557 0.246826891344 0.856731150494 0.804984133681 0.4010851738 0.573915273606 0.925200693417 0.243057050114 0.743079549123 0.142130086818 
0.897914411638 0.734491422349 0.15763283896 0.778523924067 0.566035418663 0.0377225604965 0.32500864101 0.601056378242 0.321242525731 0.844514523766 0.100960078162 0.282163979535 0.516160061003 0.930409244797 0.812124421103 0.0534535621811 0.25677660735 0.0685434449371 0.323798983845 0.689037111243 
0.385640413859 0.527991587973 0.00429241861194 0.933663785371 0.353864395894 0.541756102177 0.0502310760458 0.630578716839 0.917898586386 0.769681427591 0.629552343489 0.645711677232 0.00223643416175 0.7884153144 0.555633996416 0.189966203603 0.64010768949 0.781780132247 0.9577814622 0.0532880382694 
0.567683358737 0.860626895087 0.724855705196 0.652123429124 0.224684518356 0.123945589306 0.0198483058842 0.405228138827 0.370016407678 0.927783260329 0.407902064095 0.351770502794 0.47101077045 0.0810332985209 0.140522505288 0.317089582775 0.93399752011 0.554815494946 0.410384936238 0.646783400056 
0.453772821757 0.0398204019412 0.0842415355394 0.0727838536743 0.167591432066 0.963750003243 0.509534635751 0.568757102426 0.781638790534 0.605900245812 0.686499287237 0.10290520822 0.870485053152 0.666505100989 0.89820170122 0.153980782174 0.580503932003 0.677420505097 0.107538928512 0.58634732034 
0.854379026992 0.324074817049 0.612368360121 0.689836011293 0.421029187673 0.827618175267 0.767216778218 0.979064837176 0.136565308387 0.764109549574 0.489035366198 0.223850203107 0.930940103537 0.033520619918 0.75594177418 0.0340703498269 0.5530457853 0.163373465662 0.657242958929 0.979773223971 
0.179306857176 0.251482044563 0.359949664446 0.571477360928 0.0346307898861 0.0690981783781 0.535124847678 0.68940588399 0.243411003412 0.174268241327 0.894819930092 0.0415672722264 0.94644338878 0.925536905926 0.457928585793 0.312267153565 0.998291468334 0.0835728762287 0.887846961618 0.839757914576 
0.426354944534 0.632344199207 0.738955602854 0.597319019137 0.283084973135 0.0653725969699 0.92719292644 0.304569328373 0.112622576252 0.430540135018 0.174747622732 0.0790330004969 0.346227872349 0.399065443744 0.903915466382 0.590146577547 0.491014501885 0.676714472239 0.773424420537 0.931858773719 
0.0688958846789 0.578720939319 0.332622199564 0.879311809515 0.262105998825 0.0221138885815 0.566352473358 0.653913587083 0.461700570357 0.368602045549 0.519889904704 0.186061789745 0.641380073906 0.153102769926 0.721580911473 0.841508830431 0.0339777168207 0.957676107128 0.473982983269 0.618550609652 
0.230993183385 0.222211447015 0.912836990981 0.920392707615 0.240742627608 0.870584813696 0.299409907636 0.507932114788 0.720905043133 0.155217840109 0.922695686003 0.684254744896 0.648238722075 0.213616364414 0.0617811358989 0.0451729851569 0.669393289158 0.0853445094658 0.290706211626 0.749533859965 
0.818915914876 0.30505818139 0.215754596489 0.637420201614 0.957088813264 0.81923811728 0.133006078855 0.88740461307 0.23860702288 0.105871247192 0.173078500393 0.0342236718415 0.911039588524 0.362520787833 0.18005128376 0.183052988548 0.491655687843 0.979768483563 0.990059944129 0.495485190064 
0.157346700767 0.118398152537 0.361039434632 0.495655185632 0.240797740513 0.468591858034 0.0828650574563 0.264317664804 0.210274694656 0.608331599203 0.322158521738 0.431169405311 0.889339870574 0.217772990408 0.945571681878 0.227107867982 0.334282148774 0.139724705176 0.046563994207 0.600697369149 
0.228295647915 0.539246043839 0.805659176936 0.37037594542 0.0947609286858 0.824486736807 0.349469515461 0.485547518407 0.917353417267 0.112890776317 0.148307128539 0.889508973632 0.999724853562 0.449072197663 0.806674947938 0.176570126896 0.234104544839 0.0278250485485 0.898077413722 0.591534091942 
0.387444230146 0.860799597807 0.582535035214 0.442973625262 0.539250787756 0.732029191088 0.586675794513 0.582610863975 0.907683903783 0.547616170846 0.961897575979 0.674216064596 0.427878187477 0.272794971694 0.712540951455 0.0328828160438 0.510271941504 0.662882861454 0.305693217422 0.911473751134 
0.264975390711 0.599354042521 0.873487508846 0.111760025955 0.199989736907 0.381666769829 0.928270620968 0.520220096484 0.461377715662 0.990584643215 0.639060849204 0.329085828491 0.121367340905 0.162870618616 0.284504882946 0.711872479803 0.00366150626116 0.701233260029 0.900576033291 0.161328996493 
0.923685719774 0.556397833037 0.351261612088 0.856782847752 0.868021192424 0.314988408986 0.391357916388 0.0908661603111 0.827728037889 0.917269632362 0.683333587716 0.185356038497 0.329639375864 0.577886182434 0.155254718442 0.421070864176 0.918616308363 0.635785917427 0.0576978362956 0.454715852193 
0.0920803319816 0.310644906985 0.0469458382256 0.391674971347 0.778368135124 0.729366745941 0.382449265291 0.570256907592 0.533423198044 0.0327244941189 0.53284016953 0.654769065096 0.613762741018 0.104653877309 0.883378749344 0.0655426435807 0.439637596196 0.955942840196 0.536373966653 0.241940245709 
0.243078077555 0.668366475185 0.809749647163 0.0562267497676 0.215326942027 0.851342226455 0.777953489996 0.100343844292 0.653971621859 0.815307995045 0.762786141489 0.71787704037 0.102906410976 0.894926249947 0.707187699647 0.376242383971 0.0332594334995 0.154074871772 0.326130678728 0.213860443847 
0.319942113902 0.0415743748435 0.774306173641 0.8647040612 0.759452577182 0.465171771582 0.866387926809 0.635693402946 0.946121632597 0.0997048698106 0.504191909746 0.170166257652 0.15858346277 0.292125184995 0.634222218122 0.73575456097 0.0104339168329 0.0676625527833 0.279313195827 0.261770720094 
0.605272991261 0.736352196014 0.25773038671 0.933170362623 0.0391323092113 0.801943698268 0.323010100108 0.881953506972 0.603893960013 0.128597901719 0.696211813097 0.694078468731 0.965796028433 0.820816345316 0.294695361828 0.599145598228 0.0286081560347 0.903265066641 0.836595362288 0.569744836424 
0.510506072194 0.711616195064 0.0806873735068 0.866810360202 0.732641004757 0.103154632094 0.554452414713 0.302213143908 0.940653722458 0.0204843722125 0.793450429196 0.133458304964 0.676918738438 0.493366816454 0.923374398766 0.806861764298 0.136150769751 0.156928614754 0.146572892616 0.89503701675 
0.518651461642 0.267886585491 0.623655261273 0.588762343553 0.819546875224 0.781452459514 0.753789404858 0.527880948454 0.170825166197 0.925715213701 0.613591908719 0.271702711428 0.726452580847 0.368614269383 0.0560206060988 0.418507107507 0.744727260551 0.337626027688 0.334663465305 0.0542365875099 
0.689621513375 0.227117116453 0.0784602448581 0.0549139540015 0.977738336542 0.176026774362 0.567736783719 0.332322853405 0.228091265089 0.745338521344 0.363268756172 0.883354589767 0.818073407225 0.582404021409 0.49787565045 0.776347101829 0.129059135271 0.675774173422 0.16556014296 0.861184634265 
0.617489711396 0.6280859621 0.34094315433 0.00961688118359 0.961753123619 0.993984265771 0.934446680591 0.00952310229429 0.506365439089 0.0945471990566 0.0319293868069 0.996787874144 0.872804255601 0.662408404716 0.772955644914 0.985905189064 0.463406433908 0.907382704577 0.995496265225 0.428366061799 
0.290299462999 0.686501663611 0.538221967399 0.504993879391 0.130911342378 0.537332466638 0.396843652687 0.453175554989 0.160117438578 0.374778405679 0.822374781721 0.0551092960747 0.445761363716 0.586776372476 0.105163240094 0.514065690243 0.0727266113498 0.40054709906 0.156086387833 0.233347941374 
0.422012025443 0.526211464518 0.299493878133 0.972343185318 0.0284915519768 0.506111993138 0.502756389112 0.10045370788 0.214350206497 0.373270107675 0.833511817705 0.689044596604 0.853147648034 0.795132365187 0.846495061208 0.666212693626 0.533700063278 0.63195642662 0.0485748036111 0.980486800007 
0.469589904795 0.491858895266 0.590010763746 0.278227128867 0.695200866202 0.745794782089 0.390605310053 0.729581696219 0.802331036577 0.539860245906 0.995367606649 0.541045105294 0.755232154906 0.033768588416 0.981773439346 0.0517885889761 0.412072977673 0.484169361316 0.882063040759 0.933562449311 
0.75600144297 0.463205406599 0.476796765032 0.205771273266 0.703620145541 0.955376822163 0.581185584069 0.0157477431813 0.210013995876 0.385584850195 0.0218222500323 0.622650091364 0.18653026761 0.225100916717 0.744726990955 0.579134941351 0.233183460072 0.169974856659 0.503582736301 0.864912759008 
0.0423532693632 0.0830361665991 0.686356554202 0.630302284843 0.744987490191 0.758262146453 0.609530534529 0.416495893633 0.23847345559 0.743451523617 0.0408431109393 0.43027624256 0.753319147848 0.195545062831 0.497866972963 0.779008109184 0.524941211162 0.160646184893 0.640830319267 0.197957804611 
0.55028854912 0.489329836866 0.958369673674 0.91644636031 0.0832308118884 0.537307569755 0.658849492538 0.127290904446 0.0211838632356 0.204012402976 0.696247228221 0.735100264699 0.913191362505 0.101610801333 0.239367671857 0.168466927987 0.784412485388 0.333957521751 0.186540080073 0.604590535474 
0.2271811338 0.108942534416 0.066346621578 0.498347090755 0.858661649714 0.259615655473 0.397680423573 0.391563323053 0.0695580583941 0.967101736039 0.849264643433 0.201875612113 0.107284834525 0.719636743614 0.390172515446 0.289936595042 0.16160694889 0.412870000251 0.457652813021 0.418358074161 
0.553363801628 0.693597912337 0.642811414148 0.714235431488 0.871801264698 0.144411762437 0.347558217156 0.902711539573 0.31780688961 0.176753194144 0.683190483808 0.152732245923 0.458137582384 0.703755819132 0.74090062357 0.0502077484805 0.976739237236 0.11137855861 0.64219962356 0.431928418293 
0.923257793333 0.275560924548 0.853810522996 0.751159952463 0.672163824916 0.0814539089236 0.876070416293 0.162021852177 0.330492747027 0.914121641437 0.716233656045 0.181619098124 0.830025747423 0.972182827268 0.845078002746 0.923313351382 0.98496840696 0.617028826427 0.125214321162 0.673185042788 
0.0423742426747 0.984209134833 0.751190741076 0.0802356886867 0.90237145645 0.368600097548 0.911567148065 0.114212683436 0.637997456609 0.329068124763 0.456118599409 0.49848909512 0.874813394444 0.140844095263 0.728903745302 0.661196422912 0.600180519087 0.0999440480288 0.434605923074 0.723382529927 
0.172541437658 0.0420467488825 0.548835077807 0.257563364868 0.0831556884183 0.89422773121 0.26798775925 0.0252726414807 0.271688745118 0.105861195164 0.208565783191 0.500381256446 0.243789486375 0.411728521708 0.171137993104 0.656074183181 0.897513613885 0.407132825105 0.516904538017 0.103721352371 
0.889653765841 0.734933582186 0.0820699980607 0.0358126651756 0.357928437598 0.713064458051 0.981524548539 0.282901917555 0.501423028541 0.179419556433 0.76764807377 0.885868708588 0.568321271131 0.800776089348 0.827748388225 0.25262445787 0.553787259869 0.803910608118 0.22923482074 0.735594493387 
0.477941274682 0.176866466347 0.687911771129 0.00237363930805 0.977440533877 0.551005705899 0.011968929316 0.540353819647 0.0248298714421 0.402185770738 0.329768465037 0.331959744353 0.0508808641631 0.295753883008 0.0848135606714 0.0783225516764 0.421982794131 0.436491586274 0.663514340751 0.161798011053 
0.327800988143 0.0455722199981 0.551031146671 0.575910055656 0.170345681149 0.817682823137 0.0663508478621 0.186339221745 0.869253040568 0.305929868606 0.479371522476 0.501139343386 0.870099833703 0.577254453061 0.957952307089 0.632470818005 0.500906904231 0.408418881948 0.243815076523 0.283993283238 
0.569208855104 0.945643158875 0.116726674864 0.00774675361464 0.977622949401 0.274228373633 0.618962021869 0.374289597616 0.353598964715 0.682567818774 0.900590623614 0.594594439944 0.200799097686 0.43896080982 0.517152550781 0.930611328006 0.216525275152 0.101066069502 0.364279396935 0.21161234446 
0.909176003067 0.656783557508 0.898218405007 0.109263653321 0.23111611004 0.813525234683 0.781540740513 0.389163547137 0.881361743373 0.0356210477832 0.594055223073 0.0939433791414 0.410274116681 0.960427255348 0.582392866807 0.845964541365 0.351293277941 0.943613763696 0.515925539029 0.811061503258 
0.0508785532065 0.216106738223 0.510850819067 0.303267054943 0.12865039463 0.567173653356 0.327930435913 0.0523458251302 0.575144781479 0.304692567626 0.124950008455 0.79999356773 0.892141730621 0.0146946701488 0.70606754942 0.989442009963 0.900481436033 0.660799997298 0.32263121702 0.847053259765 
0.520440929094 0.0736700043302 0.828827845691 0.221362534458 0.783749351766 0.612229691108 0.441012010646 0.894196385644 0.397272073154 0.112739340179 0.0329177420511 0.642051280745 0.615796319944 0.577440797185 0.28179322749 0.75328151644 0.16661204146 0.961124535873 0.30144784772 0.425897141587 
0.506780149462 0.554799121735 0.658899688819 0.640030172866 0.91543853051 0.536618019836 0.332393752529 0.0669107815545 0.697136809346 0.817991829137 0.945747045471 0.708518972139 0.752811276986 0.939152666362 0.297655644155 0.305624350869 0.618713130558 0.696520387371 0.783647588397 0.935338613267 
0.269288464988 0.382098512073 0.432993990303 0.967299184276 0.114750938058 0.612751207713 0.605937974047 0.53946443634 0.698923611452 0.555174741675 0.686213846741 0.18891036666 0.552392537925 0.811175533006 0.894029595964 0.655917775109 0.91479796093 0.94467351406 0.175338200968 0.241034906211 
0.47712284793 0.630317787684 0.890155155174 0.398157299557 0.902569956044 0.080777407663 0.966658272776 0.464876052664 0.663279531597 0.463869983237 0.791875667094 0.0435921805675 0.841965051723 0.460444569994 0.899767969879 0.167829981065 0.852669949645 0.138090500191 0.309526591322 0.933098819847 
0.618828281177 0.133914513785 0.514742635354 0.830508558391 0.783944390545 0.0683051151255 0.10108003989 0.540832480157 0.553108987795 0.749441524964 0.774930583978 0.497094656025 0.602653031771 0.671171951138 0.942779672454 0.96638093046 0.829023827568 0.769534731439 0.0501530145324 0.806360510442 
0.00298318296953 0.320543920805 0.00553889668136 0.38571370974 0.585532224035 0.593094385399 0.526223082127 0.0641105820692 0.541523191835 0.246259637008 0.288194170122 0.542548650013 0.178265622214 0.558525949026 0.0619508972049 0.364447026313 0.189262319452 0.309732289021 0.730060907608 0.61704286704 
0.76489789804 0.624280841469 0.757721980476 0.807315119947 0.00123865406933 0.640113459361 0.453345186868 0.230446996537 0.721032749719 0.967417324419 0.689368277107 0.824329689791 0.418952767379 0.627854482676 0.0271450853352 0.366793632731 0.928393960548 0.38070168046 0.61007132092 0.422279716027 
0.984585746393 0.0759761395853 0.020317711037 0.837100813575 0.0305732367994 0.949226089159 0.421095992475 0.653278429392 0.19856088562 0.0335069374708 0.239545920185 0.0740767359298 0.074604781254 0.696099436561 0.702044527512 0.19479645323 0.725329918207 0.445095283873 0.455837625143 0.291843474106 
