2 100
0.865113159568 0.785178988908 
0.921612510595 0.105477609636 
0.144982893421 0.675948948155 
0.218158052542 0.270800654655 
0.0419588652127 0.485365251191 
0.733040600951 0.439189520858 
0.7752458618 0.314814259142 
0.287198101035 0.586734913574 
0.314265328749 0.0985459078179 
0.962957382594 0.233650778472 
0.531150140735 0.497297628794 
0.0504367390484 0.0131504493549 
0.815159859127 0.791346806129 
0.999448468129 0.578248436949 
0.731711730968 0.808801700376 
0.386531220274 0.873839435365 
0.693313064099 0.676024659862 
0.306253371604 0.443820810012 
0.328591120957 0.257644447182 
0.385163341965 0.138557724354 
0.0163739611218 0.621981898052 
0.940012553044 0.861786209445 
0.838385858541 0.0842179591203 
0.263103207596 0.536602780784 
0.000177479318097 0.511346580809 
0.4691426688 0.650523490153 
0.397784088555 0.948364734928 
0.242373342531 0.261993033246 
0.735619035029 0.615272812833 
0.075537604723 0.524163234521 
0.245541996822 0.940046104025 
0.797523354798 0.583832109434 
0.89603319232 0.343473284212 
0.330275349659 0.76786990162 
0.896731744229 0.996363884107 
0.576422777339 0.0794907370058 
0.439819038857 0.270942808373 
0.189179299603 0.0779978637845 
0.314846677366 0.6871503656 
0.0778375222363 0.301725096385 
0.392427413909 0.165554106904 
0.224654960409 0.840175936803 
0.73268320738 0.0293778574223 
0.355439403239 0.0919350232631 
0.387173549537 0.257822800457 
0.316485800237 0.21010109609 
0.0842690157443 0.641599104587 
0.829137982694 0.96589310721 
0.486095234501 0.418884348734 
0.224541889913 0.727217809647 
0.818719740448 0.249268620976 
0.402828411933 0.787955859632 
0.667311539495 0.865687669687 
0.628151826132 0.450221073103 
0.363149492564 0.087480626918 
0.00668344915769 0.110569480335 
0.871640316156 0.200915231245 
0.30334437998 0.792765870402 
0.112410142556 0.799382360619 
0.0155342077373 0.232740076559 
0.262394646539 0.224897903071 
0.836740143488 0.119283090911 
0.446896825058 0.0194667963122 
0.740509829299 0.0612562190129 
0.16691913968 0.0949067973518 
0.698912149438 0.100319878367 
0.689456824609 0.861830222771 
0.365363276623 0.583536570932 
0.722063919246 0.775776542262 
0.0927923434601 0.421544342876 
0.0465167443476 0.465458610665 
0.219683352391 0.369852106314 
0.1502547707 0.933986911068 
0.835533064179 0.929183739974 
0.289170606433 0.656673968714 
0.99062644875 0.86184413665 
0.502168575537 0.715417452268 
0.270006831742 0.298137177106 
0.791938308412 0.306338372552 
0.819292277891 0.242576627657 
0.57682703097 0.106060567807 
0.537582829885 0.0233624522239 
0.51461180314 0.680027723265 
0.262569839203 0.743333406775 
0.44635226579 0.673594050877 
0.573231246447 0.27524851169 
0.29774789358 0.478757811758 
0.588175479999 0.768524365722 
0.0241269184816 0.409334651864 
0.96888201791 0.5778544911 
0.641679240235 0.143208482312 
0.640956939906 0.463207511909 
0.312927470558 0.966624571184 
0.367752848058 0.767937764239 
0.19627602433 0.661792500164 
0.873274704297 0.4741927419 
0.589480016894 0.541601074743 
0.221195948922 0.587979587538 
0.834446955983 0.114216396447 
0.528341925469 0.614008725421 
