5 100
0.85325911735 0.395117834094 0.297553934085 0.469685410666 0.0973974287141 
0.876717912483 0.956096131168 0.507596739146 0.7619473582 0.591786266456 
0.970447450608 0.0564532089394 0.218833300704 0.237958972657 0.392413942603 
0.860923340318 0.864416323529 0.116826695695 0.224732527984 0.878777757674 
0.357297123013 0.726928753086 0.0570025365826 0.668768595802 0.0534363890645 
0.813973880824 0.978829587894 0.353176261352 0.096241388593 0.284606919588 
0.12456576484 0.704627238083 0.468095571042 0.695356774285 0.585924450142 
0.903182717595 0.631261183775 0.647378108839 0.401515019155 0.0762197055619 
0.713569091549 0.172529349936 0.0979598297781 0.760512332602 0.225678425445 
0.870664110937 0.666572206184 0.236753180274 0.422428634604 0.0875242201983 
0.305246296653 0.0447601835482 0.23678132159 0.0463456962785 0.0230185178451 
0.483806121605 0.291316598023 0.768464570242 0.467333129837 0.258510879056 
0.22591166321 0.244281631079 0.619294752426 0.729417513715 0.408334834758 
0.567833823889 0.691618037739 0.263747146709 0.700719447839 0.988249581662 
0.195424767401 0.188512261285 0.743780638345 0.571005295902 0.829062027178 
0.115149054538 0.000664039440556 0.979190384271 0.419107424249 0.555667610047 
0.314373442743 0.421931533323 0.15294809547 0.953232388129 0.52047313129 
0.731392705658 0.335852168421 0.821529564484 0.124714828458 0.526336676639 
0.200165199505 0.582323843242 0.532118615604 0.991989420095 0.714256399534 
0.628213668156 0.776879245651 0.474917317968 0.64422531696 0.604088903112 
0.839516816845 0.381024374761 0.700358108272 0.611164854607 0.190845508774 
0.588775888323 0.731943791952 0.0873817817062 0.981722708177 0.815481162754 
0.367485630786 0.687201825117 0.449119904415 0.488256776274 0.692995991085 
0.708661051258 0.975662516426 0.937847153676 0.535812975591 0.994470338742 
0.219595298271 0.405087747319 0.620963432235 0.336223343756 0.541512548781 
0.967621644543 0.0929457911632 0.331155267692 0.0107587551013 0.475567318227 
0.919743840177 0.0434410499249 0.446751221563 0.284948748288 0.0756722773963 
0.145788641981 0.328865113895 0.734359979714 0.903050805301 0.944172004142 
0.778895214997 0.536510490562 0.193711340706 0.505779986208 0.741793391047 
0.604173194852 0.660333530516 0.837900302333 0.406949674647 0.399331792361 
0.22529580918 0.818157551975 0.153359712285 0.296127702143 0.325762999154 
0.917732685778 0.349617826378 0.395001861215 0.838563616137 0.504522314278 
0.755851057727 0.831842517144 0.917811116104 0.0125428293352 0.0168360844821 
0.870452179973 0.230733756688 0.753333616137 0.269178511176 0.48744757947 
0.837570199415 0.386059447327 0.283145525963 0.853669687614 0.253658452298 
0.848711668142 0.0691516486453 0.343830167037 0.452105403997 0.787757393787 
0.403326694768 0.181132604048 0.558440111649 0.566649271696 0.637132819625 
0.970068450255 0.153177640368 0.832096630718 0.0886956758719 0.343120938574 
0.958130649799 0.686432703505 0.00254034693846 0.916113051546 0.369791572929 
0.929827541892 0.475332403903 0.689081655257 0.727374489703 0.34701998896 
0.850397338916 0.866269554902 0.591425814851 0.405653478454 0.76977542234 
0.131884865814 0.104617398919 0.0051712898803 0.453522042647 0.194814425657 
0.878947112647 0.226770512824 0.667702878453 0.525886187097 0.273793228208 
0.0944580798628 0.977524660194 0.245084377608 0.977138183504 0.606151352279 
0.733348309106 0.78052437626 0.261250159122 0.150670334636 0.740973469316 
0.454667122633 0.557796516045 0.826024468223 0.590880068316 0.981899047054 
0.773193628696 0.214281370455 0.378759702434 0.22915518324 0.585065590045 
0.510226371521 0.039726679944 0.180500954187 0.24525352665 0.426137094829 
0.952918995524 0.494505124977 0.0804230551358 0.941405185781 0.364634787392 
0.211818140161 0.516277180117 0.0222585678833 0.501101937482 0.357230417774 
0.105776406073 0.856587428619 0.767577517295 0.217152458146 0.723192400495 
0.389680561869 0.995503527353 0.0420627760168 0.243319682304 0.100690527023 
0.880062653712 0.65352771631 0.954599421253 0.601401943906 0.0858526071048 
0.413986297117 0.556144055647 0.162437417286 0.793312742575 0.495339111505 
0.868275175032 0.00371229640507 0.61213528902 0.154538290031 0.89259836293 
0.936725265632 0.384771340853 0.766342509876 0.781905252895 0.0086748571001 
0.182525032216 0.728344140622 0.991584696784 0.51199986053 0.264809098187 
0.0315140790772 0.555872718357 0.676035928231 0.76030395758 0.93999255976 
0.256686884721 0.104756880009 0.763649195569 0.378165583505 0.069422928854 
0.401020025684 0.154542087381 0.268776703436 0.384442658984 0.758190212948 
0.326439604218 0.23623875375 0.948958501642 0.870590878697 0.056571578075 
0.20250553079 0.450667883367 0.811644430806 0.215541958676 0.710525120797 
0.648005353364 0.0435199290038 0.327123252771 0.764648505065 0.944403234976 
0.853658104437 0.82780282341 0.0753602841312 0.0645788265398 0.374678070781 
0.204283608011 0.880202277804 0.77354665782 0.157704635098 0.0232250368222 
0.150828385973 0.375190698924 0.753399495581 0.258085583653 0.945261071099 
0.244148383772 0.514380751805 0.136738441447 0.093993531484 0.178049808593 
0.0475466034799 0.446370710595 0.838801016789 0.218593424254 0.510743420751 
0.569857105752 0.439025710492 0.683604151518 0.621861157977 0.600683444658 
0.731664262358 0.984461605003 0.587678252021 0.515357706578 0.435246467003 
0.639797635299 0.941257263719 0.343180619257 0.702548260242 0.740338025052 
0.26912063091 0.885369117348 0.244270444283 0.703908054196 0.681412800766 
0.229774826387 0.220431622367 0.940867933428 0.479652725172 0.472305413494 
0.515449455541 0.494716286902 0.303650202708 0.152302166986 0.998823132842 
0.161819428595 0.292114114827 0.682799162591 0.650674561508 0.341000603497 
0.463607437893 0.80797584866 0.176951229262 0.57296895848 0.902349494832 
0.131892601854 0.53612714899 0.681868089592 0.83641940536 0.387843343003 
0.721130530766 0.340217356782 0.307427325901 0.863832581245 0.632708643458 
0.983248547187 0.696562124445 0.704597410478 0.549697299544 0.644644534938 
0.753963618204 0.509342574675 0.903336957014 0.396868242747 0.379154702195 
0.704036598513 0.165462973678 0.420201743271 0.0580338689517 0.743557328606 
0.969881198942 0.797454371331 0.117713281772 0.348501444392 0.381945550633 
0.793677212032 0.0652814844549 0.14332919516 0.298218745241 0.304647507087 
0.350323573653 0.996963116192 0.394812546485 0.138158483087 0.885629646369 
0.435239599228 0.143969514076 0.621788101524 0.00634546078708 0.777933111765 
0.658988112471 0.512949681374 0.114355296014 0.950840805006 0.634502266895 
0.983572360853 0.0160757091709 0.0361962071365 0.80103812013 0.023581838342 
0.221713736805 0.759032568287 0.568341841756 0.357263769366 0.59470863745 
0.00244394564093 0.733631074206 0.9982470092 0.281289947005 0.00947294926884 
0.455033188308 0.33381734342 0.701934868613 0.66480955603 0.359173885139 
0.363387616017 0.237463133876 0.383944670177 0.702521721672 0.969066733062 
0.541459292603 0.423591579896 0.628532985092 0.502522309756 0.85006096802 
0.162538180944 0.907214475891 0.081466393438 0.0586301944753 0.0145627850555 
0.949676483946 0.0463307547293 0.358368241137 0.685285771452 0.494300549352 
0.046917457635 0.135630592138 0.939977612292 0.4271935141 0.86685164902 
0.0335903503366 0.923884567788 0.203045514793 0.0805419424401 0.486059222704 
0.623616527972 0.985068979686 0.987471970058 0.950630140534 0.735549236236 
0.595721041048 0.99453281463 0.542311291821 0.919630287785 0.183402125735 
0.614446687787 0.410280367727 0.42999601915 0.693388248726 0.361380694416 
0.91594401564 0.547204514326 0.775905865879 0.771205578232 0.240970340979 
